14.4
Time
N
1002
0
0.1
0.2
0.3
0.4
0.5
0.6
0.7
0.8
0.9
1
1.1
1.2
1.3
1.4
1.5
1.6
1.7
1.8
1.9
2
2.1
2.2
2.3
2.4
2.5
2.6
2.7
2.8
2.9
3
3.1
3.2
3.3
3.4
3.5
3.6
3.7
3.8
3.9
4
4.1
4.2
4.3
4.4
4.5
4.6
4.7
4.8
4.9
5
5.1
5.2
5.3
5.4
5.5
5.6
5.7
5.8
5.9
6
6.1
6.2
6.3
6.4
6.5
6.6
6.7
6.8
6.9
7
7.1
7.2
7.3
7.4
7.5
7.6
7.7
7.8
7.9
8
8.1
8.2
8.3
8.4
8.5
8.6
8.7
8.8
8.9
9
9.1
9.2
9.3
9.4
9.5
9.6
9.7
9.8
9.9
10
10.1
10.2
10.3
10.4
10.5
10.6
10.7
10.8
10.9
11
11.1
11.2
11.3
11.4
11.5
11.6
11.7
11.8
11.9
12
12.1
12.2
12.3
12.4
12.5
12.6
12.7
12.8
12.9
13
13.1
13.2
13.3
13.4
13.5
13.6
13.7
13.8
13.9
14
14.1
14.2
14.3
14.4
14.5
14.6
14.7
14.8
14.9
15
15.1
15.2
15.3
15.4
15.5
15.6
15.7
15.8
15.9
16
16.1
16.2
16.3
16.4
16.5
16.6
16.7
16.8
16.9
17
17.1
17.2
17.3
17.4
17.5
17.6
17.7
17.8
17.9
18
18.1
18.2
18.3
18.4
18.5
18.6
18.7
18.8
18.9
19
19.1
19.2
19.3
19.4
19.5
19.6
19.7
19.8
19.9
20
20.1
20.2
20.3
20.4
20.5
20.6
20.7
20.8
20.9
21
21.1
21.2
21.3
21.4
21.5
21.6
21.7
21.8
21.9
22
22.1
22.2
22.3
22.4
22.5
22.6
22.7
22.8
22.9
23
23.1
23.2
23.3
23.4
23.5
23.6
23.7
23.8
23.9
24
24.1
24.2
24.3
24.4
24.5
24.6
24.7
24.8
24.9
25
25.1
25.2
25.3
25.4
25.5
25.6
25.7
25.8
25.9
26
26.1
26.2
26.3
26.4
26.5
26.6
26.7
26.8
26.9
27
27.1
27.2
27.3
27.4
27.5
27.6
27.7
27.8
27.9
28
28.1
28.2
28.3
28.4
28.5
28.6
28.7
28.8
28.9
29
29.1
29.2
29.3
29.4
29.5
29.6
29.7
29.8
29.9
30
30.1
30.2
30.3
30.4
30.5
30.6
30.7
30.8
30.9
31
31.1
31.2
31.3
31.4
31.5
31.6
31.7
31.8
31.9
32
32.1
32.2
32.3
32.4
32.5
32.6
32.7
32.8
32.9
33
33.1
33.2
33.3
33.4
33.5
33.6
33.7
33.8
33.9
34
34.1
34.2
34.3
34.4
34.5
34.6
34.7
34.8
34.9
35
35.1
35.2
35.3
35.4
35.5
35.6
35.7
35.8
35.9
36
36.1
36.2
36.3
36.4
36.5
36.6
36.7
36.8
36.9
37
37.1
37.2
37.3
37.4
37.5
37.6
37.7
37.8
37.9
38
38.1
38.2
38.3
38.4
38.5
38.6
38.7
38.8
38.9
39
39.1
39.2
39.3
39.4
39.5
39.6
39.7
39.8
39.9
40
40.1
40.2
40.3
40.4
40.5
40.6
40.7
40.8
40.9
41
41.1
41.2
41.3
41.4
41.5
41.6
41.7
41.8
41.9
42
42.1
42.2
42.3
42.4
42.5
42.6
42.7
42.8
42.9
43
43.1
43.2
43.3
43.4
43.5
43.6
43.7
43.8
43.9
44
44.1
44.2
44.3
44.4
44.5
44.6
44.7
44.8
44.9
45
45.1
45.2
45.3
45.4
45.5
45.6
45.7
45.8
45.9
46
46.1
46.2
46.3
46.4
46.5
46.6
46.7
46.8
46.9
47
47.1
47.2
47.3
47.4
47.5
47.6
47.7
47.8
47.9
48
48.1
48.2
48.3
48.4
48.5
48.6
48.7
48.8
48.9
49
49.1
49.2
49.3
49.4
49.5
49.6
49.7
49.8
49.9
50
50.1
50.2
50.3
50.4
50.5
50.6
50.7
50.8
50.9
51
51.1
51.2
51.3
51.4
51.5
51.6
51.7
51.8
51.9
52
52.1
52.2
52.3
52.4
52.5
52.6
52.7
52.8
52.9
53
53.1
53.2
53.3
53.4
53.5
53.6
53.7
53.8
53.9
54
54.1
54.2
54.3
54.4
54.5
54.6
54.7
54.8
54.9
55
55.1
55.2
55.3
55.4
55.5
55.6
55.7
55.8
55.9
56
56.1
56.2
56.3
56.4
56.5
56.6
56.7
56.8
56.9
57
57.1
57.2
57.3
57.4
57.5
57.6
57.7
57.8
57.9
58
58.1
58.2
58.3
58.4
58.5
58.6
58.7
58.8
58.9
59
59.1
59.2
59.3
59.4
59.5
59.6
59.7
59.8
59.9
60
60.1
60.2
60.3
60.4
60.5
60.6
60.7
60.8
60.9
61
61.1
61.2
61.3
61.4
61.5
61.6
61.7
61.8
61.9
62
62.1
62.2
62.3
62.4
62.5
62.6
62.7
62.8
62.9
63
63.1
63.2
63.3
63.4
63.5
63.6
63.7
63.8
63.9
64
64.1
64.2
64.3
64.4
64.5
64.6
64.7
64.8
64.9
65
65.1
65.2
65.3
65.4
65.5
65.6
65.7
65.8
65.9
66
66.1
66.2
66.3
66.4
66.5
66.6
66.7
66.8
66.9
67
67.1
67.2
67.3
67.4
67.5
67.6
67.7
67.8
67.9
68
68.1
68.2
68.3
68.4
68.5
68.6
68.7
68.8
68.9
69
69.1
69.2
69.3
69.4
69.5
69.6
69.7
69.8
69.9
70
70.1
70.2
70.3
70.4
70.5
70.6
70.7
70.8
70.9
71
71.1
71.2
71.3
71.4
71.5
71.6
71.7
71.8
71.9
72
72.1
72.2
72.3
72.4
72.5
72.6
72.7
72.8
72.9
73
73.1
73.2
73.3
73.4
73.5
73.6
73.7
73.8
73.9
74
74.1
74.2
74.3
74.4
74.5
74.6
74.7
74.8
74.9
75
75.1
75.2
75.3
75.4
75.5
75.6
75.7
75.8
75.9
76
76.1
76.2
76.3
76.4
76.5
76.6
76.7
76.8
76.9
77
77.1
77.2
77.3
77.4
77.5
77.6
77.7
77.8
77.9
78
78.1
78.2
78.3
78.4
78.5
78.6
78.7
78.8
78.9
79
79.1
79.2
79.3
79.4
79.5
79.6
79.7
79.8
79.9
80
80.1
80.2
80.3
80.4
80.5
80.6
80.7
80.8
80.9
81
81.1
81.2
81.3
81.4
81.5
81.6
81.7
81.8
81.9
82
82.1
82.2
82.3
82.4
82.5
82.6
82.7
82.8
82.9
83
83.1
83.2
83.3
83.4
83.5
83.6
83.7
83.8
83.9
84
84.1
84.2
84.3
84.4
84.5
84.6
84.7
84.8
84.9
85
85.1
85.2
85.3
85.4
85.5
85.6
85.7
85.8
85.9
86
86.1
86.2
86.3
86.4
86.5
86.6
86.7
86.8
86.9
87
87.1
87.2
87.3
87.4
87.5
87.6
87.7
87.8
87.9
88
88.1
88.2
88.3
88.4
88.5
88.6
88.7
88.8
88.9
89
89.1
89.2
89.3
89.4
89.5
89.6
89.7
89.8
89.9
90
90.1
90.2
90.3
90.4
90.5
90.6
90.7
90.8
90.9
91
91.1
91.2
91.3
91.4
91.5
91.6
91.7
91.8
91.9
92
92.1
92.2
92.3
92.4
92.5
92.6
92.7
92.8
92.9
93
93.1
93.2
93.3
93.4
93.5
93.6
93.7
93.8
93.9
94
94.1
94.2
94.3
94.4
94.5
94.6
94.7
94.8
94.9
95
95.1
95.2
95.3
95.4
95.5
95.6
95.7
95.8
95.9
96
96.1
96.2
96.3
96.4
96.5
96.6
96.7
96.8
96.9
97
97.1
97.2
97.3
97.4
97.5
97.6
97.7
97.8
97.9
98
98.1
98.2
98.3
98.4
98.5
98.6
98.7
98.8
98.9
99
99.1
99.2
99.3
99.4
99.5
99.6
99.7
99.8
99.9
100
100.1
200
200
199.983
199.949
199.9
199.837
199.76
199.67
199.568
199.455
199.331
199.197
199.053
198.9
198.74
198.571
198.395
198.212
198.022
197.827
197.626
197.42
197.209
196.993
196.773
196.55
196.322
196.092
195.858
195.622
195.383
195.142
194.898
194.653
194.406
194.157
193.907
193.656
193.404
193.151
192.896
192.642
192.387
192.131
191.875
191.619
191.362
191.106
190.85
190.593
190.337
190.082
189.826
189.571
189.317
189.063
188.81
188.557
188.305
188.054
187.803
187.554
187.305
187.057
186.81
186.564
186.319
186.075
185.832
185.59
185.349
185.109
184.87
184.632
184.396
184.16
183.926
183.693
183.461
183.231
183.001
182.773
182.546
182.32
182.096
181.872
181.65
181.429
181.21
180.992
180.774
180.559
180.344
180.131
179.919
179.708
179.498
179.29
179.083
178.877
178.672
178.469
178.267
178.066
177.866
177.668
177.471
177.275
177.08
176.886
176.694
176.503
176.313
176.124
175.936
175.75
175.564
175.38
175.197
175.015
174.835
174.655
174.477
174.299
174.123
173.948
173.774
173.601
173.43
173.259
173.09
172.921
172.754
172.587
172.422
172.258
172.095
171.932
171.771
171.611
171.452
171.294
171.137
170.981
170.826
170.672
170.518
170.366
170.215
170.065
169.916
169.767
169.62
169.474
169.328
169.183
169.04
168.897
168.755
168.614
168.474
168.335
168.196
168.059
167.922
167.787
167.652
167.518
167.385
167.252
167.121
166.99
166.86
166.731
166.603
166.475
166.349
166.223
166.098
165.974
165.85
165.727
165.605
165.484
165.364
165.244
165.125
165.007
164.889
164.772
164.656
164.541
164.426
164.312
164.199
164.087
163.975
163.864
163.753
163.643
163.534
163.426
163.318
163.211
163.105
162.999
162.894
162.789
162.685
162.582
162.479
162.377
162.276
162.175
162.075
161.976
161.877
161.778
161.681
161.583
161.487
161.391
161.295
161.201
161.106
161.013
160.919
160.827
160.735
160.643
160.552
160.462
160.372
160.283
160.194
160.106
160.018
159.931
159.844
159.758
159.673
159.587
159.503
159.419
159.335
159.252
159.169
159.087
159.005
158.924
158.844
158.763
158.684
158.604
158.525
158.447
158.369
158.292
158.215
158.138
158.062
157.986
157.911
157.836
157.762
157.688
157.615
157.542
157.469
157.397
157.325
157.254
157.183
157.112
157.042
156.972
156.903
156.834
156.766
156.697
156.63
156.562
156.495
156.429
156.363
156.297
156.231
156.166
156.102
156.037
155.973
155.91
155.847
155.784
155.721
155.659
155.597
155.536
155.475
155.414
155.354
155.294
155.234
155.174
155.115
155.057
154.998
154.94
154.883
154.825
154.768
154.711
154.655
154.599
154.543
154.488
154.432
154.378
154.323
154.269
154.215
154.161
154.108
154.055
154.002
153.95
153.898
153.846
153.794
153.743
153.692
153.641
153.591
153.541
153.491
153.441
153.392
153.343
153.294
153.246
153.197
153.149
153.102
153.054
153.007
152.96
152.914
152.867
152.821
152.775
152.73
152.684
152.639
152.594
152.55
152.505
152.461
152.417
152.374
152.33
152.287
152.244
152.201
152.159
152.117
152.075
152.033
151.991
151.95
151.909
151.868
151.827
151.787
151.747
151.707
151.667
151.627
151.588
151.549
151.51
151.471
151.433
151.395
151.357
151.319
151.281
151.244
151.206
151.169
151.132
151.096
151.059
151.023
150.987
150.951
150.916
150.88
150.845
150.81
150.775
150.74
150.705
150.671
150.637
150.603
150.569
150.536
150.502
150.469
150.436
150.403
150.37
150.338
150.305
150.273
150.241
150.209
150.178
150.146
150.115
150.083
150.052
150.022
149.991
149.96
149.93
149.9
149.87
149.84
149.81
149.781
149.751
149.722
149.693
149.664
149.635
149.607
149.578
149.55
149.522
149.494
149.466
149.438
149.41
149.383
149.356
149.329
149.302
149.275
149.248
149.221
149.195
149.169
149.142
149.116
149.091
149.065
149.039
149.014
148.988
148.963
148.938
148.913
148.888
148.864
148.839
148.815
148.79
148.766
148.742
148.718
148.695
148.671
148.647
148.624
148.601
148.577
148.554
148.531
148.509
148.486
148.463
148.441
148.419
148.396
148.374
148.352
148.33
148.309
148.287
148.265
148.244
148.223
148.202
148.18
148.159
148.139
148.118
148.097
148.077
148.056
148.036
148.016
147.996
147.976
147.956
147.936
147.916
147.897
147.877
147.858
147.838
147.819
147.8
147.781
147.762
147.743
147.725
147.706
147.688
147.669
147.651
147.633
147.614
147.596
147.578
147.561
147.543
147.525
147.508
147.49
147.473
147.455
147.438
147.421
147.404
147.387
147.37
147.353
147.337
147.32
147.304
147.287
147.271
147.255
147.238
147.222
147.206
147.19
147.174
147.159
147.143
147.127
147.112
147.096
147.081
147.066
147.051
147.035
147.02
147.005
146.991
146.976
146.961
146.946
146.932
146.917
146.903
146.888
146.874
146.86
146.846
146.832
146.818
146.804
146.79
146.776
146.762
146.749
146.735
146.721
146.708
146.695
146.681
146.668
146.655
146.642
146.629
146.616
146.603
146.59
146.577
146.565
146.552
146.539
146.527
146.514
146.502
146.49
146.477
146.465
146.453
146.441
146.429
146.417
146.405
146.393
146.382
146.37
146.358
146.347
146.335
146.324
146.312
146.301
146.289
146.278
146.267
146.256
146.245
146.234
146.223
146.212
146.201
146.19
146.18
146.169
146.158
146.148
146.137
146.127
146.116
146.106
146.096
146.085
146.075
146.065
146.055
146.045
146.035
146.025
146.015
146.005
145.995
145.986
145.976
145.966
145.957
145.947
145.937
145.928
145.919
145.909
145.9
145.891
145.881
145.872
145.863
145.854
145.845
145.836
145.827
145.818
145.809
145.801
145.792
145.783
145.774
145.766
145.757
145.749
145.74
145.732
145.723
145.715
145.706
145.698
145.69
145.682
145.674
145.665
145.657
145.649
145.641
145.633
145.625
145.618
145.61
145.602
145.594
145.586
145.579
145.571
145.563
145.556
145.548
145.541
145.533
145.526
145.519
145.511
145.504
145.497
145.489
145.482
145.475
145.468
145.461
145.454
145.447
145.44
145.433
145.426
145.419
145.412
145.405
145.399
145.392
145.385
145.378
145.372
145.365
145.359
145.352
145.346
145.339
145.333
145.326
145.32
145.313
145.307
145.301
145.295
145.288
145.282
145.276
145.27
145.264
145.258
145.252
145.246
145.24
145.234
145.228
145.222
145.216
145.21
145.204
145.199
145.193
145.187
145.182
145.176
145.17
145.165
145.159
145.154
145.148
145.143
145.137
145.132
145.126
145.121
145.116
145.11
145.105
145.1
145.094
145.089
145.084
145.079
145.074
145.069
145.063
145.058
145.053
145.048
145.043
145.038
145.033
145.029
145.024
145.019
145.014
145.009
145.004
145
144.995
144.99
144.985
144.981
144.976
144.971
144.967
144.962
144.958
144.953
144.949
144.944
144.94
144.935
144.931
144.926
144.922
144.918
144.913
144.909
144.905
144.9
144.896
144.892
144.888
144.884
144.879
144.875
144.871
144.867
144.863
144.859
144.855
144.851
144.847
144.843
144.839
144.835
144.831
144.827
144.823
144.819
144.816
144.812
144.808
144.804
144.8
144.797
144.793
144.789
144.785
144.782
144.778
144.774
144.771
144.767
144.764
144.76
144.757
144.753
144.749
144.746
144.743
144.739
144.736
144.732
144.729
144.725
144.722
144.719
144.715
144.712
144.709
144.705
144.702
144.699
144.696
144.692
144.689
144.686
144.683
144.68
144.676
144.673
144.67
144.667
144.664
144.661
144.658
144.655
144.652
144.649
144.646
144.643
144.64
144.637
144.634
144.631
144.628
144.625
144.622
144.619
144.617
144.614
144.611
144.608
144.605
144.603
144.6
144.597
144.594
144.592
144.589
144.586
144.583
144.581
144.578
144.575
144.573
144.57
144.568
144.565
144.562
144.56
144.557
144.555
144.552
144.55
144.547
144.545
144.542
144.54
144.537
144.535
144.532
144.53
144.528
144.525
144.523
144.52
144.518
144.516
144.513
144.511
144.509
144.506
144.504
144.502
144.5
144.497
144.495
144.493
144.491
144.488
144.486
144.484
144.482
144.48
144.478
144.475
144.473
144.471
144.469
144.467
144.465
144.463
144.461
144.459
144.457
144.455
144.452
144.45
144.448
144.446
144.444
144.442
144.44
144.439
144.437
144.435
144.433
144.431
144.429
144.427
144.425
144.423
144.421
144.419
144.418
144.416
144.414
144.412
144.41
144.408
144.407
144.405
144.403
144.401
144.399
144.398
144.396
144.394
144.392
144.391
144.389
144.387
144.386
144.384
144.382
144.381
144.379
144.377
144.376
144.374
144.372
