14.4
 
Time
N
1002
0
0.1
0.2
0.3
0.4
0.5
0.6
0.7
0.8
0.9
1
1.1
1.2
1.3
1.4
1.5
1.6
1.7
1.8
1.9
2
2.1
2.2
2.3
2.4
2.5
2.6
2.7
2.8
2.9
3
3.1
3.2
3.3
3.4
3.5
3.6
3.7
3.8
3.9
4
4.1
4.2
4.3
4.4
4.5
4.6
4.7
4.8
4.9
5
5.1
5.2
5.3
5.4
5.5
5.6
5.7
5.8
5.9
6
6.1
6.2
6.3
6.4
6.5
6.6
6.7
6.8
6.9
7
7.1
7.2
7.3
7.4
7.5
7.6
7.7
7.8
7.9
8
8.1
8.2
8.3
8.4
8.5
8.6
8.7
8.8
8.9
9
9.1
9.2
9.3
9.4
9.5
9.6
9.7
9.8
9.9
10
10.1
10.2
10.3
10.4
10.5
10.6
10.7
10.8
10.9
11
11.1
11.2
11.3
11.4
11.5
11.6
11.7
11.8
11.9
12
12.1
12.2
12.3
12.4
12.5
12.6
12.7
12.8
12.9
13
13.1
13.2
13.3
13.4
13.5
13.6
13.7
13.8
13.9
14
14.1
14.2
14.3
14.4
14.5
14.6
14.7
14.8
14.9
15
15.1
15.2
15.3
15.4
15.5
15.6
15.7
15.8
15.9
16
16.1
16.2
16.3
16.4
16.5
16.6
16.7
16.8
16.9
17
17.1
17.2
17.3
17.4
17.5
17.6
17.7
17.8
17.9
18
18.1
18.2
18.3
18.4
18.5
18.6
18.7
18.8
18.9
19
19.1
19.2
19.3
19.4
19.5
19.6
19.7
19.8
19.9
20
20.1
20.2
20.3
20.4
20.5
20.6
20.7
20.8
20.9
21
21.1
21.2
21.3
21.4
21.5
21.6
21.7
21.8
21.9
22
22.1
22.2
22.3
22.4
22.5
22.6
22.7
22.8
22.9
23
23.1
23.2
23.3
23.4
23.5
23.6
23.7
23.8
23.9
24
24.1
24.2
24.3
24.4
24.5
24.6
24.7
24.8
24.9
25
25.1
25.2
25.3
25.4
25.5
25.6
25.7
25.8
25.9
26
26.1
26.2
26.3
26.4
26.5
26.6
26.7
26.8
26.9
27
27.1
27.2
27.3
27.4
27.5
27.6
27.7
27.8
27.9
28
28.1
28.2
28.3
28.4
28.5
28.6
28.7
28.8
28.9
29
29.1
29.2
29.3
29.4
29.5
29.6
29.7
29.8
29.9
30
30.1
30.2
30.3
30.4
30.5
30.6
30.7
30.8
30.9
31
31.1
31.2
31.3
31.4
31.5
31.6
31.7
31.8
31.9
32
32.1
32.2
32.3
32.4
32.5
32.6
32.7
32.8
32.9
33
33.1
33.2
33.3
33.4
33.5
33.6
33.7
33.8
33.9
34
34.1
34.2
34.3
34.4
34.5
34.6
34.7
34.8
34.9
35
35.1
35.2
35.3
35.4
35.5
35.6
35.7
35.8
35.9
36
36.1
36.2
36.3
36.4
36.5
36.6
36.7
36.8
36.9
37
37.1
37.2
37.3
37.4
37.5
37.6
37.7
37.8
37.9
38
38.1
38.2
38.3
38.4
38.5
38.6
38.7
38.8
38.9
39
39.1
39.2
39.3
39.4
39.5
39.6
39.7
39.8
39.9
40
40.1
40.2
40.3
40.4
40.5
40.6
40.7
40.8
40.9
41
41.1
41.2
41.3
41.4
41.5
41.6
41.7
41.8
41.9
42
42.1
42.2
42.3
42.4
42.5
42.6
42.7
42.8
42.9
43
43.1
43.2
43.3
43.4
43.5
43.6
43.7
43.8
43.9
44
44.1
44.2
44.3
44.4
44.5
44.6
44.7
44.8
44.9
45
45.1
45.2
45.3
45.4
45.5
45.6
45.7
45.8
45.9
46
46.1
46.2
46.3
46.4
46.5
46.6
46.7
46.8
46.9
47
47.1
47.2
47.3
47.4
47.5
47.6
47.7
47.8
47.9
48
48.1
48.2
48.3
48.4
48.5
48.6
48.7
48.8
48.9
49
49.1
49.2
49.3
49.4
49.5
49.6
49.7
49.8
49.9
50
50.1
50.2
50.3
50.4
50.5
50.6
50.7
50.8
50.9
51
51.1
51.2
51.3
51.4
51.5
51.6
51.7
51.8
51.9
52
52.1
52.2
52.3
52.4
52.5
52.6
52.7
52.8
52.9
53
53.1
53.2
53.3
53.4
53.5
53.6
53.7
53.8
53.9
54
54.1
54.2
54.3
54.4
54.5
54.6
54.7
54.8
54.9
55
55.1
55.2
55.3
55.4
55.5
55.6
55.7
55.8
55.9
56
56.1
56.2
56.3
56.4
56.5
56.6
56.7
56.8
56.9
57
57.1
57.2
57.3
57.4
57.5
57.6
57.7
57.8
57.9
58
58.1
58.2
58.3
58.4
58.5
58.6
58.7
58.8
58.9
59
59.1
59.2
59.3
59.4
59.5
59.6
59.7
59.8
59.9
60
60.1
60.2
60.3
60.4
60.5
60.6
60.7
60.8
60.9
61
61.1
61.2
61.3
61.4
61.5
61.6
61.7
61.8
61.9
62
62.1
62.2
62.3
62.4
62.5
62.6
62.7
62.8
62.9
63
63.1
63.2
63.3
63.4
63.5
63.6
63.7
63.8
63.9
64
64.1
64.2
64.3
64.4
64.5
64.6
64.7
64.8
64.9
65
65.1
65.2
65.3
65.4
65.5
65.6
65.7
65.8
65.9
66
66.1
66.2
66.3
66.4
66.5
66.6
66.7
66.8
66.9
67
67.1
67.2
67.3
67.4
67.5
67.6
67.7
67.8
67.9
68
68.1
68.2
68.3
68.4
68.5
68.6
68.7
68.8
68.9
69
69.1
69.2
69.3
69.4
69.5
69.6
69.7
69.8
69.9
70
70.1
70.2
70.3
70.4
70.5
70.6
70.7
70.8
70.9
71
71.1
71.2
71.3
71.4
71.5
71.6
71.7
71.8
71.9
72
72.1
72.2
72.3
72.4
72.5
72.6
72.7
72.8
72.9
73
73.1
73.2
73.3
73.4
73.5
73.6
73.7
73.8
73.9
74
74.1
74.2
74.3
74.4
74.5
74.6
74.7
74.8
74.9
75
75.1
75.2
75.3
75.4
75.5
75.6
75.7
75.8
75.9
76
76.1
76.2
76.3
76.4
76.5
76.6
76.7
76.8
76.9
77
77.1
77.2
77.3
77.4
77.5
77.6
77.7
77.8
77.9
78
78.1
78.2
78.3
78.4
78.5
78.6
78.7
78.8
78.9
79
79.1
79.2
79.3
79.4
79.5
79.6
79.7
79.8
79.9
80
80.1
80.2
80.3
80.4
80.5
80.6
80.7
80.8
80.9
81
81.1
81.2
81.3
81.4
81.5
81.6
81.7
81.8
81.9
82
82.1
82.2
82.3
82.4
82.5
82.6
82.7
82.8
82.9
83
83.1
83.2
83.3
83.4
83.5
83.6
83.7
83.8
83.9
84
84.1
84.2
84.3
84.4
84.5
84.6
84.7
84.8
84.9
85
85.1
85.2
85.3
85.4
85.5
85.6
85.7
85.8
85.9
86
86.1
86.2
86.3
86.4
86.5
86.6
86.7
86.8
86.9
87
87.1
87.2
87.3
87.4
87.5
87.6
87.7
87.8
87.9
88
88.1
88.2
88.3
88.4
88.5
88.6
88.7
88.8
88.9
89
89.1
89.2
89.3
89.4
89.5
89.6
89.7
89.8
89.9
90
90.1
90.2
90.3
90.4
90.5
90.6
90.7
90.8
90.9
91
91.1
91.2
91.3
91.4
91.5
91.6
91.7
91.8
91.9
92
92.1
92.2
92.3
92.4
92.5
92.6
92.7
92.8
92.9
93
93.1
93.2
93.3
93.4
93.5
93.6
93.7
93.8
93.9
94
94.1
94.2
94.3
94.4
94.5
94.6
94.7
94.8
94.9
95
95.1
95.2
95.3
95.4
95.5
95.6
95.7
95.8
95.9
96
96.1
96.2
96.3
96.4
96.5
96.6
96.7
96.8
96.9
97
97.1
97.2
97.3
97.4
97.5
97.6
97.7
97.8
97.9
98
98.1
98.2
98.3
98.4
98.5
98.6
98.7
98.8
98.9
99
99.1
99.2
99.3
99.4
99.5
99.6
99.7
99.8
99.9
100
100.1
200
200
201.034
202.64
204.577
206.711
208.965
211.296
213.676
216.09
218.526
220.978
223.441
225.911
228.386
230.864
233.344
235.823
238.302
240.779
243.253
245.725
248.192
250.655
253.112
255.565
258.011
260.452
262.886
265.312
267.732
270.143
272.547
274.943
277.33
279.708
282.077
284.436
286.786
289.126
291.456
293.775
296.084
298.383
300.67
302.946
305.21
307.463
309.704
311.933
314.15
316.355
318.547
320.727
322.894
325.048
327.19
329.318
331.433
333.534
335.622
337.697
339.758
341.805
343.839
345.859
347.864
349.856
351.834
353.798
355.747
357.683
359.604
361.511
363.404
365.282
367.147
368.997
370.832
372.654
374.461
376.254
378.032
379.796
381.547
383.283
385.004
386.712
388.405
390.085
391.75
393.402
395.039
396.663
398.273
399.869
401.451
403.02
404.575
406.117
407.645
409.16
410.662
412.15
413.625
415.087
416.536
417.973
419.396
420.807
422.205
423.59
424.963
426.324
427.672
429.008
430.332
431.644
432.944
434.232
435.509
436.774
438.027
439.269
440.499
441.718
442.926
444.123
445.309
446.485
447.649
448.803
449.946
451.078
452.201
453.312
454.414
455.506
456.587
457.659
458.721
459.773
460.816
461.849
462.872
463.887
464.892
465.887
466.874
467.852
468.821
469.781
470.732
471.675
472.609
473.535
474.453
475.362
476.263
477.156
478.04
478.917
479.786
480.648
481.501
482.347
483.186
484.017
484.84
485.657
486.466
487.268
488.063
488.851
489.632
490.406
491.173
491.934
492.688
493.435
494.176
494.91
495.638
496.36
497.076
497.785
498.489
499.186
499.877
500.562
501.242
501.916
502.584
503.246
503.903
504.554
505.2
505.84
506.475
507.104
507.728
508.347
508.961
509.57
510.173
510.772
511.365
511.954
512.538
513.117
513.691
514.261
514.826
515.386
515.942
516.493
517.039
517.582
518.119
518.653
519.182
519.707
520.227
520.744
521.256
521.764
522.268
522.768
523.264
523.756
524.244
524.728
525.209
525.685
526.158
526.627
527.093
527.554
528.012
528.467
528.918
529.365
529.809
530.249
530.686
531.12
531.55
531.977
532.4
532.821
533.237
533.651
534.062
534.469
534.873
535.274
535.672
536.067
536.459
536.848
537.234
537.617
537.997
538.374
538.748
539.12
539.488
539.854
540.217
540.577
540.935
541.289
541.641
541.991
542.338
542.682
543.023
543.362
543.699
544.033
544.364
544.693
545.019
545.343
545.665
545.984
546.3
546.615
546.927
547.236
547.544
547.849
548.152
548.452
548.75
549.046
549.34
549.632
549.921
550.208
550.494
550.777
551.058
551.336
551.613
551.888
552.161
552.431
552.7
552.967
553.231
553.494
553.755
554.014
554.271
554.526
554.779
555.03
555.279
555.527
555.773
556.017
556.259
556.499
556.738
556.974
557.21
557.443
557.674
557.904
558.133
558.359
558.584
558.807
559.029
559.249
559.467
559.684
559.899
560.112
560.324
560.535
560.743
560.951
561.156
561.361
561.563
561.765
561.965
562.163
562.36
562.555
562.749
562.942
563.133
563.322
563.511
563.698
563.883
564.068
564.25
564.432
564.612
564.791
564.968
565.145
565.32
565.493
565.666
565.837
566.006
566.175
566.342
566.509
566.673
566.837
567
567.161
567.321
567.48
567.638
567.794
567.95
568.104
568.257
568.409
568.56
568.71
568.859
569.006
569.153
569.298
569.442
569.586
569.728
569.869
570.009
570.148
570.286
570.424
570.56
570.695
570.829
570.962
571.094
571.225
571.355
571.484
571.613
571.74
571.866
571.992
572.116
572.24
572.362
572.484
572.605
572.725
572.844
572.962
573.079
573.196
573.311
573.426
573.54
573.653
573.765
573.877
573.987
574.097
574.206
574.314
574.421
574.528
574.633
574.738
574.842
574.946
575.048
575.15
575.251
575.352
575.451
575.55
575.648
575.746
575.842
575.938
576.034
576.128
576.222
576.315
576.407
576.499
576.59
576.681
576.77
576.859
576.948
577.036
577.123
577.209
577.295
577.38
577.465
577.548
577.632
577.714
577.796
577.878
577.959
578.039
578.118
578.197
578.276
578.354
578.431
578.508
578.584
578.659
578.734
578.809
578.882
578.956
579.029
579.101
579.172
579.244
579.314
579.384
579.454
579.523
579.591
579.659
579.727
579.794
579.86
579.926
579.992
580.057
580.121
580.185
580.249
580.312
580.375
580.437
580.498
580.56
580.62
580.681
580.74
580.8
580.859
580.917
580.975
581.033
581.09
581.147
581.203
581.259
581.315
581.37
581.424
581.479
581.533
581.586
581.639
581.692
581.744
581.796
581.847
581.898
581.949
581.999
582.049
582.099
582.148
582.197
582.245
582.293
582.341
582.388
582.435
582.482
582.528
582.574
582.62
582.665
582.71
582.755
582.799
582.843
582.886
582.929
582.972
583.015
583.057
583.099
583.141
583.182
583.223
583.264
583.304
583.344
583.384
583.424
583.463
583.502
583.54
583.579
583.617
583.654
583.692
583.729
583.766
583.802
583.839
583.875
583.911
583.946
583.981
584.016
584.051
584.085
584.12
584.154
584.187
584.221
584.254
584.287
584.319
584.352
584.384
584.416
584.448
584.479
584.51
584.541
584.572
584.602
584.633
584.663
584.692
584.722
584.751
584.781
584.809
584.838
584.867
584.895
584.923
584.951
584.978
585.006
585.033
585.06
585.087
585.113
585.14
585.166
585.192
585.218
585.243
585.269
585.294
585.319
585.344
585.368
585.393
585.417
585.441
585.465
585.489
585.512
585.536
585.559
585.582
585.605
585.627
585.65
585.672
585.694
585.716
585.738
585.76
585.781
585.803
585.824
585.845
585.865
585.886
585.907
585.927
585.947
585.967
585.987
586.007
586.026
586.046
586.065
586.084
586.103
586.122
586.141
586.16
586.178
586.196
586.214
586.232
586.25
586.268
586.286
586.303
586.32
586.338
586.355
586.372
586.388
586.405
586.422
586.438
586.454
586.471
586.487
586.503
586.518
586.534
586.55
586.565
586.581
586.596
586.611
586.626
586.641
586.656
586.67
586.685
586.699
586.713
586.728
586.742
586.756
586.77
586.783
586.797
586.811
586.824
586.838
586.851
586.864
586.877
586.89
586.903
586.916
586.928
586.941
586.953
586.966
586.978
586.99
587.002
587.014
587.026
587.038
587.05
587.061
587.073
587.084
587.096
587.107
587.118
587.129
587.14
587.151
587.162
587.173
587.184
587.194
587.205
587.215
587.226
587.236
587.246
587.256
587.266
587.276
587.286
587.296
587.306
587.316
587.325
587.335
587.344
587.354
587.363
587.372
587.381
587.39
587.399
587.408
587.417
587.426
587.435
587.444
587.452
587.461
587.469
587.478
587.486
587.494
587.503
587.511
587.519
587.527
587.535
587.543
587.551
587.559
587.566
587.574
587.582
587.589
587.597
587.604
587.612
587.619
587.626
587.634
587.641
587.648
587.655
587.662
587.669
587.676
587.683
587.689
587.696
587.703
587.71
587.716
587.723
587.729
587.736
587.742
587.748
587.755
587.761
587.767
587.773
587.779
587.785
587.791
587.797
587.803
587.809
587.815
587.821
587.827
587.832
587.838
587.844
587.849
587.855
587.86
587.866
587.871
587.876
587.882
587.887
587.892
587.897
587.903
587.908
587.913
587.918
587.923
587.928
587.933
587.938
587.942
587.947
587.952
587.957
587.961
587.966
587.971
587.975
587.98
587.984
587.989
587.993
587.998
588.002
588.007
588.011
588.015
588.019
588.024
588.028
588.032
588.036
588.04
588.044
588.048
588.052
588.056
588.06
588.064
588.068
588.072
588.076
588.08
588.083
588.087
588.091
588.094
588.098
588.102
588.105
588.109
588.112
588.116
588.119
588.123
588.126
588.13
588.133
588.136
588.14
588.143
588.146
588.15
588.153
588.156
588.159
588.162
588.165
588.169
588.172
588.175
588.178
588.181
588.184
588.187
588.19
588.193
588.195
588.198
588.201
588.204
588.207
588.21
588.212
588.215
588.218
588.221
588.223
588.226
588.228
588.231
588.234
588.236
588.239
588.241
588.244
588.246
588.249
588.251
588.254
588.256
588.259
588.261
588.263
588.266
588.268
588.27
588.273
588.275
588.277
588.28
588.282
588.284
588.286
588.288
588.29
588.293
588.295
588.297
588.299
588.301
588.303
588.305
588.307
588.309
588.311
588.313
588.315
588.317
588.319
588.321
588.323
588.325
588.327
588.329
588.33
588.332
588.334
588.336
588.338
588.339
588.341
588.343
588.345
588.346
588.348
588.35
588.352
588.353
588.355
588.357
588.358
588.36
588.361
588.363
588.365
588.366
588.368
588.369
588.371
588.372
588.374
588.375
588.377
588.378
588.38
588.381
588.383
588.384
588.386
588.387
588.388
588.39
200
200
201.039
202.654
204.604
206.757
209.036
211.397
213.815
216.272
218.759
221.267
223.793
226.331
228.881
231.439
234.004
236.575
239.15
241.728
244.308
246.889
249.47
252.051
254.631
257.21
259.786
262.358
264.928
267.493
270.053
272.608
275.158
277.701
280.237
282.767
285.288
287.802
290.308
292.804
295.291
297.769
300.237
302.694
305.141
307.577
310.001
312.414
314.815
317.204
319.58
321.943
324.294
326.631
328.954
331.264
333.561
335.843
338.11
340.364
342.602
344.826
347.035
349.229
351.407
353.57
355.718
357.851
359.967
362.068
364.153
366.222
368.275
370.313
372.334
374.339
376.328
378.301
380.257
382.198
384.122
386.03
387.922
389.798
391.657
393.501
395.328
397.14
398.935
400.714
402.478
404.225
405.957
407.673
409.373
411.058
412.727
414.38
416.018
417.641
419.248
420.841
422.418
423.98
425.528
427.06
428.578
430.081
431.57
433.044
434.504
435.95
437.382
438.8
440.204
441.594
442.971
444.334
445.684
447.02
448.343
449.653
450.95
452.235
453.507
454.766
456.012
457.247
458.469
459.678
460.876
462.062
463.237
464.399
465.55
466.69
467.819
468.936
470.042
471.137
472.222
473.295
474.358
475.411
476.453
477.485
478.507
479.518
480.52
481.512
482.494
483.467
484.43
485.384
486.328
487.264
488.19
489.107
490.015
490.915
491.805
492.688
493.561
494.427
495.284
496.133
496.973
497.806
498.631
499.448
500.257
501.058
501.852
502.639
503.418
504.19
504.954
505.712
506.462
507.205
507.942
508.671
509.394
510.11
510.82
511.523
512.22
512.91
513.594
514.272
514.943
515.609
516.268
516.922
517.569
518.211
518.847
519.477
520.102
520.721
521.335
521.943
522.546
523.143
523.736
524.323
524.905
525.481
526.053
526.62
527.182
527.739
528.291
528.839
529.381
529.919
530.453
530.982
531.506
532.026
532.541
533.052
533.559
534.062
534.56
535.054
535.544
536.03
536.511
536.989
537.463
537.933
538.398
538.86
539.319
539.773
540.224
540.671
541.114
541.554
541.99
542.422
542.851
543.277
543.699
544.118
544.533
544.945
545.353
545.759
546.161
546.559
546.955
547.347
547.737
548.123
548.506
548.886
549.263
549.637
550.008
550.376
550.742
551.104
551.464
551.82
552.174
552.525
552.874
553.219
553.562
553.903
554.24
554.575
554.908
555.237
555.565
555.889
556.211
556.531
556.848
557.163
557.476
557.786
558.093
558.398
558.701
559.002
559.3
559.596
559.89
560.181
560.47
560.757
561.042
561.325
561.605
561.884
562.16
562.434
562.706
562.976
563.244
563.51
563.774
564.036
564.296
564.554
564.81
565.064
565.316
565.567
565.815
566.061
566.306
566.549
566.79
567.029
567.267
567.502
567.736
567.968
568.199
568.427
568.654
568.88
569.103
569.325
569.545
569.764
569.981
570.196
570.41
570.622
570.833
571.042
571.249
571.455
571.659
571.862
572.063
572.263
572.462
572.658
572.854
573.048
573.24
573.431
573.621
573.809
573.996
574.182
574.366
574.548
574.73
574.91
575.088
575.266
575.442
575.617
575.79
575.962
576.133
576.303
576.471
576.638
576.804
576.969
577.132
577.294
577.455
577.615
577.774
577.931
578.087
578.243
578.397
578.549
578.701
578.852
579.001
579.15
579.297
579.443
579.588
579.732
579.875
580.017
580.158
580.298
580.436
580.574
580.711
580.846
580.981
581.115
581.248
581.379
581.51
581.64
581.769
581.897
582.023
582.149
582.274
582.399
582.522
582.644
582.765
582.886
583.005
583.124
583.242
583.359
583.475
583.59
583.705
583.818
583.931
584.043
584.154
584.264
584.373
584.482
584.589
584.696
584.803
584.908
585.012
585.116
585.219
585.322
585.423
585.524
585.624
585.723
585.822
585.919
586.016
586.113
586.208
586.303
586.397
586.491
586.584
586.676
586.767
586.858
586.948
587.038
587.126
587.214
587.302
587.389
587.475
587.56
587.645
587.729
587.813
587.896
587.978
588.06
588.141
588.221
588.301
588.381
588.459
588.537
588.615
588.692
588.768
588.844
588.919
588.994
589.068
589.142
589.215
589.287
589.359
589.431
589.502
589.572
589.642
589.711
589.78
589.848
589.916
589.983
590.05
590.116
590.182
590.247
590.312
590.376
590.44
590.503
590.566
590.628
590.69
590.752
590.813
590.873
590.933
590.993
591.052
591.111
591.169
591.227
591.284
591.341
591.398
591.454
591.51
591.565
591.62
591.674
591.728
591.782
591.835
591.888
591.941
591.993
592.044
592.096
592.146
592.197
592.247
592.297
592.346
592.395
592.444
592.492
592.54
592.587
592.635
592.681
592.728
592.774
592.82
592.865
592.91
592.955
593
593.044
593.087
593.131
593.174
593.217
593.259
593.301
593.343
593.384
593.426
593.466
593.507
593.547
593.587
593.627
593.666
593.705
593.744
593.782
593.821
593.858
593.896
593.933
593.97
594.007
594.044
594.08
594.116
594.151
594.187
594.222
594.257
594.291
594.326
594.36
594.393
594.427
594.46
594.493
594.526
594.559
594.591
594.623
594.655
594.686
594.718
594.749
594.78
594.81
594.841
594.871
594.901
594.93
594.96
594.989
595.018
595.047
595.076
595.104
595.132
595.16
595.188
595.215
595.243
595.27
595.297
595.323
595.35
595.376
595.402
595.428
595.454
595.479
595.505
595.53
595.555
595.579
595.604
595.628
595.653
595.677
595.7
595.724
595.747
595.771
595.794
595.817
595.839
595.862
595.884
595.907
595.929
595.951
595.972
595.994
596.015
596.037
596.058
596.079
596.099
596.12
596.14
596.161
596.181
596.201
596.221
596.24
596.26
596.279
596.298
596.318
596.336
596.355
596.374
596.392
596.411
596.429
596.447
596.465
596.483
596.501
596.518
596.536
596.553
596.57
596.587
596.604
596.621
596.637
596.654
596.67
596.686
596.703
596.719
596.734
596.75
596.766
596.781
596.797
596.812
596.827
596.842
596.857
596.872
596.887
596.901
596.916
596.93
596.944
596.959
596.973
596.987
597
597.014
597.028
597.041
597.055
597.068
597.081
597.094
597.107
597.12
597.133
597.146
597.159
597.171
597.184
597.196
597.208
597.22
597.232
597.244
597.256
597.268
597.28
597.291
597.303
597.314
597.326
597.337
597.348
597.359
597.37
597.381
597.392
597.403
597.413
597.424
597.434
597.445
597.455
597.465
597.475
597.486
597.496
597.506
597.515
597.525
597.535
597.545
597.554
597.564
597.573
597.583
597.592
597.601
597.61
597.619
597.628
597.637
597.646
597.655
597.664
597.672
597.681
597.689
597.698
597.706
597.715
597.723
597.731
597.739
597.747
597.755
597.763
597.771
597.779
597.787
597.795
597.802
597.81
597.817
597.825
597.832
597.84
597.847
597.854
597.862
597.869
597.876
597.883
597.89
597.897
597.904
597.911
597.917
597.924
597.931
597.937
597.944
597.95
597.957
597.963
597.97
597.976
597.982
597.989
597.995
598.001
598.007
598.013
598.019
598.025
598.031
598.037
598.043
598.048
598.054
598.06
598.065
598.071
598.077
598.082
598.088
598.093
598.098
598.104
598.109
598.114
598.119
598.125
598.13
598.135
598.14
598.145
598.15
598.155
598.16
598.165
598.17
598.174
598.179
598.184
598.188
598.193
598.198
598.202
598.207
598.211
598.216
598.22
598.225
598.229
598.233
598.238
598.242
598.246
598.25
598.255
598.259
598.263
598.267
598.271
598.275
598.279
598.283
598.287
598.291
598.295
598.299
598.302
598.306
598.31
598.314
598.317
598.321
598.325
598.328
598.332
598.335
598.339
598.342
598.346
598.349
598.353
598.356
598.36
598.363
598.366
598.369
598.373
598.376
598.379
598.382
598.386
598.389
598.392
598.395
598.398
598.401
598.404
598.407
598.41
598.413
598.416
598.419
598.422
598.425
598.427
598.43
598.433
598.436
598.439
598.441
598.444
598.447
598.449
598.452
598.455
598.457
598.46
598.462
598.465
598.468
598.47
598.473
598.475
598.477
598.48
598.482
598.485
598.487
598.489
598.492
598.494
598.496
598.499
598.501
598.503
598.506
598.508
598.51
598.512
598.514
598.516
598.519
598.521
598.523
598.525
598.527
598.529
598.531
598.533
598.535
598.537
598.539
598.541
598.543
598.545
598.547
598.549
598.551
598.553
598.554
598.556
598.558
598.56
598.562
598.564
598.565
598.567
598.569
598.571
598.572
598.574
598.576
598.577
598.579
598.581
598.582
598.584
598.586
598.587
598.589
598.59
598.592
598.594
598.595
598.597
598.598
598.6
598.601
598.603
598.604
598.606
598.607
598.609
598.61
598.611
598.613
598.614
598.616
598.617
598.618
598.62
598.621
598.622
598.624
598.625
